2000003 0.5634040541462927 1.8878769890883034 0.3321953834046157 -0.0128227713333358 0.0043751548388929 0.0013393865978897 3.617538317147937e-15
2000005 2.6748288162268996 0.7617914124197769 0.1007818715654329 -0.0042769971792317 0.0083283970205838 0.0031688010961457 3.748736284552032e-16
2000006 -0.2815480530130393 2.1516769445846884 0.5171249057555564 -0.0117791188444441 0.0002719561798435 0.0021146029644117 8.312419212673372e-16
2000007 -2.6514803228324926 0.2465078698210128 -0.1709960024872696 -0.0025514738814312 -0.0087326043752752 -0.0038681701252216 2.136434442571407e-15
2000008 -2.3441550230352006 -0.9452496147915537 -0.1269207162076095 0.0031949663529171 -0.0086818002031262 -0.0037208548126126 5.894256529706908e-16
2000009 1.5932260773942961 -1.7109685420322964 -0.9749650619606237 0.0073351311610654 0.0070048061632185 0.0025942502604416 1.07784100424073e-15
2000010 3.2573475762794675 0.7680068400283229 0.5800544120647797 -0.0017899541162759 0.008035236152491 0.0035026823480657 1.235800787294125e-14
2000011 -2.397475841891626 -0.8840433769707083 -0.1660955898263589 0.0045019597182635 -0.0087722235375075 -0.0036391311903162 1.331536255459975e-15
2000012 0.901307504803363 2.207983727494722 0.8606414670927837 -0.0086269966701532 0.0056211818414858 0.0007990778764615 1.93177578518292e-16
2000013 0.7320619233927829 -2.094661946594392 -1.681253925160942 0.0094083211447338 0.0030331313705005 -0.0001258210432647 1.797004894507446e-15
2000014 2.5686917023343985 -1.0646259223432688 -0.9259856418064756 0.0050562481747749 0.0074771111695247 0.0024515787553175 1.100645679575068e-15
2000015 -0.0280015970673334 -2.4994153448351475 -1.3391428807855827 0.0095377369098126 0.0005501670427443 0.0023571557571869 4.678307418350905e-15
2000016 -0.0223947572492768 -2.809677671046597 -1.0642030203995272 0.0097098801084326 0.0012229771073233 0.0001835717447976 3.411586826193812e-15
2000017 -2.3437801335602653 0.7072455759909667 0.4585172073016826 -0.0021839234932896 -0.0100385021613955 -0.0035047428502551 2.081506396469738e-16
2000018 -1.4746575585142432 -2.1551502289784303 -0.4289455278243364 0.0087949915359053 -0.0037790343643987 -0.001777077009679 2.008927736651132e-16
2000019 -2.577742708705959 -1.0496706058877738 -0.4655833140541931 0.0035670247898024 -0.0080873042617262 -0.0032279272294491 1.035644840131194e-15
2000020 -2.1884802067437463 -0.9937462772621215 -0.4307138252364512 0.0034136612112142 -0.00958211095935 -0.0040083571334315 9.199807477630912e-17
2000021 -0.0117982235479802 -2.007951564604071 -0.8902162089518807 0.0120491813563518 0.0016601257671169 3.9919678545e-05 2.529442872040999e-16
2000022 -1.7321062429380465 -2.5123439432261963 -0.958128595637543 0.007375696574654 -0.0036940823106988 -0.0039300105605386 1.20262444348346e-15
2000023 1.4427241387368017 1.7357715376447187 0.6357114368192666 -0.0104461990606275 0.0038784011209436 0.0039408077469763 1.895331760419783e-16
2000024 -0.9785109493281111 2.3859690051188083 1.0729402495732139 -0.0099067644252489 -0.0040531191004324 -0.0017251147079317 1.893901667525382e-15
2000025 -0.4407612543358539 2.8888546172134553 0.1740000954119464 -0.0086879660484909 -2.75478630606e-05 -0.0018449990981133 7.239841522366211e-17
2000026 2.250697044259996 -1.1791512591984783 -0.6848114329634215 0.0062932880626768 0.0078446859847934 0.0035016312387326 1.637343952261084e-16
2000027 2.0873347443511676 0.5891408590846953 0.191191635330146 -0.005202215406757 0.0099460863327689 0.0044409784214493 3.888003898545788e-16
2000028 2.9621346518477893 0.2066208515717453 -0.2373201694323107 -0.0017003770111708 0.0090424154611567 0.0027212610023772 2.926272744294528e-16
2000029 1.6132017975508162 -1.79125684968773 -1.0013039378765805 0.0078071074236119 0.0061226710320673 0.0035260098029028 1.97584236512452e-15
2000030 1.7485648122292805 0.9740506117531316 0.5042033051228664 -0.0068064015846168 0.0098352241132788 0.0043091974095991 1.482019016437529e-16
2000031 -2.943657709987249 -0.5736793475003398 0.4018954367063012 -0.0018008695539518 -0.0071495262688982 -0.0068877969924625 6.343280473648602e-15
2000032 -2.1481645235352183 -0.9145857248764621 -0.4613731809001144 0.0048614886299757 -0.0100299171367322 -0.0031763583720514 1.19958501623344e-16
2000034 -0.124760915815861 -2.631210777134924 -0.8538299167133765 0.0100713151208573 -0.0014374965440019 -0.0003884638162927 2.944541291521286e-16
2000035 2.9651431438778637 1.8055394374696163 1.1511179610666546 -0.0049205193600802 0.0053564797625565 0.0031734893408168 2.352256173241841e-16
2000036 0.853334058640085 -2.091906981272065 -1.8590997010072645 0.0080305203401656 0.0040350510113463 0.0037132668856888 1.697060018409709e-16
2000037 2.3366055944085717 0.3221863187926284 0.1428357988199587 -0.0033765268766171 0.0100783568805751 0.005047312003827 2.185620577113056e-16
2000038 0.5029920786302654 2.030335095971961 1.073064003574743 -0.0117764981996936 0.002221245034001 -0.0003407847815132 1.323285964746768e-16
2000039 0.0231012313725679 -2.685570173993566 -0.6654252860631306 0.0102476031068139 0.0013778562761956 -0.0004045457760443 1.497519682556701e-15
2000040 0.2581727290769147 2.056425702869535 0.8574758722476046 -0.0113665574165413 0.001375295956525 0.0015050118940516 2.952414080308422e-16
2000041 3.171891024636777 -0.0307480449271447 -0.0332006204240552 0.0021810562213268 0.0085627330162185 0.0011307772073808 9.324223762198869e-16
2000042 -2.1668911011499237 1.7128825867363022 1.1277292185576957 -0.006031080026914 -0.0061341977225608 -0.001785002410952 2.765316643474381e-16
2000043 1.7418158898661364 1.3964898114199962 0.7107896129282456 -0.005892416368977 0.0085411315699507 0.0032604501991507 7.275393853340713e-17
2000044 -2.2387539196250508 -0.1283667150888248 0.0669159042008416 -0.0010208487136547 -0.0110907202939075 -0.0041996738274073 4.68864072012922e-17
2000045 -0.7964651936776307 -2.268420797789649 -0.6791443307724804 0.0106310818083948 -0.0034497440754682 -0.0018001686143714 8.425678018567934e-16
2000046 1.2720227191080415 1.7206953975696748 0.6646800980192682 -0.0089964081769047 0.0075844551062786 0.0029175608589776 3.2728e-16
2000047 2.5586547168799667 -0.1861500321128984 -0.1142487388305516 0.0017599561060896 0.0098244884298877 0.005304456617579 5.543523561598889e-16
2000048 -1.9807390075524187 2.122761629928679 0.6304920932828754 -0.0079787101831811 -0.0060654380433734 -0.0019023353344287 2.531091726015068e-15
2000049 -1.616946719317241 -2.981219587288048 -1.4398160637467459 0.0076347250871651 -0.0025614930323566 -0.0007051537933203 7.549481629314401e-17
2000050 -3.1348611968069853 0.7840629854742359 0.3137030912210297 -0.003611902528141 -0.0071063219832297 -0.0026522693499343 1.633326391117518e-16
2000051 -0.7652803700026948 -2.118492834488884 -0.4985374869904617 0.0105566655942714 -0.0043207863193257 -0.0011674969905995 2.570549113353145e-16
2000052 2.648265347517434 -1.8848393052435313 -0.9260088022475407 0.0050335958089564 0.0071125509738857 0.0018717481304452 2.476788101255867e-15
2000053 -1.9778090036416631 0.957435427921881 0.447182075646819 -0.0073022422194765 -0.0094438587900045 -0.0028878619907872 6.239243310775165e-17
2000054 0.665435457183423 -1.8206054354812822 -1.0017200388584337 0.0118485494009006 0.0027296866763508 0.0037728380719476 5.624173650192459e-16
2000056 -2.499726694816246 1.8173848424665513 0.4241368384786081 -0.004255943791767 -0.0072749119849926 -0.0021657106149771 3.699288312702126e-16
2000057 -3.3556202271850197 -0.0813031459387064 -0.307300758966219 -0.0004670101029481 -0.0089067341144025 -0.0014570230445023 3.680601920639651e-16
2000058 -0.4630010958106723 2.5155439909590753 0.8627768027807499 -0.0102260993398523 -0.0022132733511173 -0.0004382046659515 8.481173911466002e-17
2000059 -2.8349959380613425 0.7764634274850714 0.2833614675672114 -0.0033869918640694 -0.008655379981938 -0.0022160448667942 6.339442727587651e-16
2000060 0.5443411880134693 -2.6168514224210364 -0.9406147141189312 0.0090688439728182 0.001572765626717 0.0006911209894697 5.091136783014464e-17
2000062 -1.1914346497743253 -3.1328588069773726 -1.2345098885327344 0.0081930247210473 -0.001795661618743 -0.0010125817616879 1.089048191960057e-16
2000063 2.052092999805669 1.2513129379523467 0.7768809116933908 -0.0051019519498926 0.0081592224112021 0.0042610922014632 5.640401743976243e-17
2000065 -2.3648835957365457 2.5646351550914 1.0079245396187486 -0.0060688468220719 -0.0059722669579165 -0.0020305894059045 3.180659282652541e-15
2000068 -2.6988100095765057 -1.4801269918989064 -0.5266085978439711 0.0055731273602981 -0.0060202343128882 -0.003980832382124 3.431026591237969e-16
2000069 2.9016890909337913 0.6629885121915373 0.2152393670608525 -0.0039324875675465 0.0088409288515316 0.0022960638343885 5.144610020876735e-16
2000070 2.294513857058053 0.275855830925251 -0.2359413588783886 0.0011065716523252 0.0102098715150122 0.0060135425689486 2.768888840157846e-16
2000071 0.0303135287076006 2.3126445864690237 1.9952249899155312 -0.0088679659122925 0.0007570288452097 -0.002683180115025 1.424492746350956e-16
2000072 0.248356063987354 -1.9119581891108732 -0.6337853135243532 0.0124652760902288 0.0020156823011603 0.0012633284842032 7.995051044916541e-17
2000074 -1.5978174067718394 -2.518484920033412 -0.9299349597974402 0.008619259035686 -0.0028548649740779 -0.0008211341107101 3.507374451295614e-16
2000075 -1.2993657044262776 -1.931388642334989 -1.0470438160048698 0.0107246358701324 -0.002199362903219 -0.00117924950275 4.357374625077127e-17
2000076 3.410633564275789 -0.9061679061651551 -0.3011812024313158 0.0009869109621483 0.008284890508335 0.0032805733286861 8.312200000000001e-16
2000077 1.6430836580838402 -2.026293146520765 -0.9837930523042332 0.0073319576542763 0.0062114353506939 0.0030040629184638 4.931295509500729e-17
2000078 2.0880204368981827 1.1390972452223345 0.8564850793547755 -0.0078891653693945 0.0068238361504305 0.003511563609362 8.401906253463887e-17
2000079 -1.4061844095608316 -2.3695844176278174 -0.8840665927214892 0.0082101675418399 -0.0038828675415398 -0.0010468895394948 8.35182433140794e-17
2000080 0.1841419837115242 2.078038463303521 0.6396000318293037 -0.0114149700679657 0.003469506062515 -9.11532234211e-05 1.161443954113108e-16
2000081 2.4271259196129717 -0.0563820156423328 -0.0406638717446642 -0.0014469101256443 0.0100397168233377 0.0060940953959307 1.022367554556134e-16
2000082 1.524158550312898 -2.635169756133645 -1.320727569137223 0.0078193625544404 0.0029276751349912 0.0012429831384817 6.60126076693077e-17
2000083 2.1959722116258997 1.3036380047883218 0.5882590455696664 -0.0057725854203661 0.0073315265098095 0.0041344117156901 1.096834890626035e-16
2000084 0.1580408435410487 2.0022154708771445 1.2343132901905214 -0.0106568343190255 0.0033639468342032 0.0009582507687382 1.257312655631886e-16
2000085 -2.8640172721635397 1.325592777841304 0.0523727731448141 -0.0032645858309622 -0.0078280265185027 -0.0019958800581217 9.254085453018537e-16
2000086 2.52580661752485 -0.290766809676836 -0.3602656466077915 0.0003674623657769 0.0106487647284396 0.0046558022336729 2.152399557022891e-16
2000087 1.5741939538900989 2.840517546730739 1.1020934871098993 -0.007713452694621 0.0039313841311125 0.0035564199479954 2.199295173574073e-15
2000088 2.3018804001751074 -0.5929524657237428 -0.0358371720255363 0.0036796544315092 0.0102146657035589 0.004919083008982 2.577114127311047e-15
2000089 -1.5883371465214353 2.0510928423095525 0.9903496397642536 -0.0086311050673694 -0.0025901745278132 -0.0039871824986105 3.402031157439429e-16
2000090 -0.211778146235573 3.182829020104985 1.4385270262582532 -0.008648061326425 0.0003777320855942 0.0005129717909202 1.235196362828491e-16
2000091 -1.7580880115494346 -1.9877125325091516 -0.9352147188792486 0.0072592411326589 -0.0059285771598229 -0.00288329206638 2.440461677701006e-16
2000092 -2.801020745499733 1.728966926945804 1.1943401669173963 -0.0052538863268235 -0.0067599080403426 -0.0016852779033283 4.036943517686073e-16
2000093 2.522322348614328 1.0899286658918832 0.6491491727150982 -0.0032622674042536 0.0081003509309139 0.0050973434576262 5.647730717976476e-16
2000094 2.920614185943615 -0.8467934070638385 -0.5382497165935897 0.0023452779602975 0.0082114493944777 0.0049956784136649 1.27923e-15
2000095 -0.7073945338858235 2.6583845618372 0.6846269577457528 -0.0103000288205402 -0.0006183999291208 -0.0024033275865743 2.716619708393259e-16
2000096 0.0119631117280896 -2.472413944887939 -1.7979693258990375 0.0095944694190275 -0.0020660651776824 0.0005577293002591 1.546567695624325e-15
2000097 2.150993239407259 -1.4994630423119701 -0.4860218824529891 0.0037902010251712 0.0096574943684754 0.0018432585720064 1.031495635837631e-16
2000098 0.1261267399248434 -2.223644180089976 -1.7913428947410328 0.0097579783731665 -0.0011872647785039 -0.0006033430889748 2.442831741732069e-16
2000099 0.3719331439178268 2.591737831685342 1.6692768788517958 -0.0088076452685538 -0.0006731347260963 0.0012530046667688 7.352662013841591e-17
2000100 -3.3659857895545597 0.7258379448264712 0.5776254288697982 -0.001241469718965 -0.0080396723392722 -0.0027354895610095 1.365977196468697e-16
2000102 -2.865898876786349 -1.3014752816090143 -0.5883629882011213 0.0049362753351003 -0.0067083401604905 -0.0020667950076437 1.281266225660598e-16
2000103 0.8250488891791389 -2.2275998061768827 -0.8476342760691026 0.0103774623324708 0.0041110628218326 0.000735619692441 1.001118016858646e-16
2000104 2.3232826909766904 -2.1109607519692464 -1.09132947486749 0.005508346750626 0.0066843707032675 0.0029940526486123 4.812239667801873e-16
2000105 2.2826468116652787 1.4390764319215366 0.1754263840599249 -0.004235911071039 0.0087320230527114 0.0001125771941935 3.715466797534145e-16
2000106 -2.3224784872739086 -2.62656268245868 -1.0749453471062984 0.0066819380664411 -0.0041732225162808 -0.0025247504678391 5.397399999999998e-16
2000107 1.5639369513127013 2.896491029527211 0.6605253145717529 -0.0086872778623089 0.0038463712694952 0.0011247337705464 1.671720991700644e-15
2000109 -0.1636940639777724 -2.8576991540551187 -1.734300140902176 0.0081193747683178 0.0009641130055795 0.000521097350597 1.082618586158193e-16
2000110 -2.787689977962986 0.7353706557360585 0.6425793614276043 -0.0030395809467205 -0.0082440166384214 -0.0038505312576521 1.407698572210504e-16
2000111 -2.246738943296385 0.8117289014348851 0.2262738033288581 -0.004715307445794 -0.0092621901814217 -0.0049505589906759 3.351919281128056e-17
2000112 1.9109210779666959 0.9795680392744329 0.5250436361050991 -0.0051132568002127 0.0099435029220503 0.0045953635891107 5.796039701553235e-17
2000113 1.7689932935603399 -1.528677725514247 -0.7152775082757197 0.0080579401035784 0.006970584897848 0.0019943342492654 2.558021392457819e-17
2000114 -2.2144125876686642 -0.9008485521557889 -0.249975283217062 0.0035519528328648 -0.0104827136363212 -0.0036336058045078 1.705e-16
2000115 1.735560967082686 0.5689127097531881 0.6589341189374218 -0.0063475437831356 0.0106507053168297 0.0051686142602302 5.525824190385527e-17
2000117 -2.9923039351318335 0.505700620703731 0.2055695339940806 -0.0018937107640766 -0.007493477828136 -0.0059896683666361 4.471368017841789e-16
2000118 2.302608242927276 -0.5427086361725169 -0.5596378351773633 0.0015995097603619 0.0096647289711664 0.0051024835626458 2.700075962598135e-17
2000120 1.352444127799615 2.5388449374429105 1.5288245070798936 -0.008573297546109 0.003313840641013 0.0015282402728165 1.188984949952008e-15
2000121 -3.420953417848439 -1.7973318987497595 -0.3792789274435325 0.0040236975452285 -0.0061640601367727 -0.0035302554579937 7.007906922041343e-16
2000124 0.6628852389351195 2.573166447461761 0.9676949814674225 -0.0095860173455452 0.0020995842412234 0.0007120894407356 8.877270826562338e-17
2000127 2.6776302424334952 0.7890039068951065 0.2336845927896162 -0.0035224006171321 0.008103556038666 0.005079136113216 3.661168243061723e-16
2000128 0.4888375715835808 2.280175111538162 1.0025999967398884 -0.0106547993250915 0.0024950029777665 0.0024082677723672 9.650129510548752e-16
2000129 -2.21562710327372 1.7402748400991965 0.7969109345828341 -0.0046026711288005 -0.0086837091878225 -0.0015479171242439 4.654245247397975e-16
2000130 0.8232993539922858 -2.9457141496675576 -0.4174403300136547 0.0084889086190654 0.0047463672994728 -0.0015682983414352 9.936629545909249e-16
2000132 2.970550826323628 -0.1055447394673831 1.3862986287729013 -0.0029581882154822 0.0075576832530857 0.0010526667775754 1.319614122170156e-17
2000134 -2.4866329514912104 0.554028609427443 0.2361222958576455 -0.0036818259870296 -0.008211247040133 -0.0059049669995715 3.362046542088716e-16
2000135 -0.7477147457159474 -1.8577846076345834 -0.9014823231170618 0.0119915734227224 -0.0018238720780519 -0.0007247829552697 9.515605041846208e-17
2000137 2.3207659978392385 -0.972800063962667 0.0198488010872853 0.0053849978099991 0.010262047153347 0.0024734257286244 8.561260599553892e-16
2000139 2.36560342525589 1.5695549972993346 1.0550678359945518 -0.0069400112502004 0.0052554804677374 0.0036417918522793 4.224288214377445e-16
2000140 2.282734480957576 -0.1564006543672059 -0.1961286476324255 0.0029058483856139 0.0110294789967896 0.0044007726685683 3.131673253222406e-16
2000141 -2.975450830417719 0.8938742821014928 0.0813506380257581 -0.0034202007650557 -0.0066808770712995 -0.0047994193820164 3.766140601670833e-16
2000143 0.8859186426777084 -2.1287180226106255 -1.321347859122391 0.0102965986191415 0.0019284510034898 0.0024036009469368 1.126086114748883e-16
2000144 1.9548893543630586 -0.5860691358340664 -0.4440150172926438 0.0032454569727063 0.0116586853327291 0.0050435508280016 6.995163354983087e-16
2000145 -2.1949737453328577 -1.4107468003352732 -0.160540596633525 0.0040306546967513 -0.0085211298519947 -0.0051816644095015 7.558232926228892e-16
2000146 -0.0900294591127862 -2.3392783129295953 -1.0602006667137072 0.0107066839330885 0.0002886760824548 -0.0025959777284175 3.9416e-16
2000147 -1.7673556658011662 -2.4030206758380936 -1.0664788088554327 0.0081099949767787 -0.0048696422761853 -0.0017637372598572 4.068172917716431e-16
2000148 2.196350486017724 0.4320275088236198 -0.5381828656065151 -0.0030544180362837 0.0118073737055841 0.0012422529344857 1.65952595163453e-16
2000150 1.0597630579349504 -2.42317892626649 -0.9334365951460727 0.0093016355973893 0.0046225467490896 0.0019866396592814 4.533646848796812e-16
2000154 -0.7129743677616411 2.2558256255336615 2.133230004162857 -0.0089866585397084 -0.003506383709738 -0.000405649399814 8.298388767163694e-16
2000156 2.7298618262882144 -1.0535891105171322 0.0784049488481297 0.0050499305978845 0.0075362923341037 0.0033715436131336 2.6336e-16
2000159 -1.5676194347148122 2.1286311723227618 0.8673689925697105 -0.0090795873861571 -0.0057719231140151 -0.0012667099531334 2.8824066183805e-16
2000160 2.0586164413495878 1.3617853869414807 0.6773815199356075 -0.0068136077196207 0.007736839194938 0.0040561457896472 1.024848705874405e-16
2000162 0.3484706344519595 -2.8353094785647466 -1.5578089679882738 0.0091242618474112 -0.0001859903876651 -0.000741185898674 2.372907537934201e-16
2000163 -0.2854283775194971 -2.636795732768196 -0.8948014857052201 0.0091747343380939 -0.0013270692644965 -0.0007319412226346 8.658e-17
2000164 -0.5379790430344712 2.024320659431643 1.4111223369170562 -0.0100353672117579 -0.0010504844660722 0.0044848468021886 4.18326020317249e-16
2000165 -2.768205877888656 -0.8806894668069 -1.0283177158702663 0.0047540141717301 -0.0078817555864804 -0.0035550790481307 1.068459902704693e-15
2000168 2.6412535949536453 -1.7704052517748399 -0.5180862231031974 0.005118014078643 0.0078234101803175 0.0029236237476961 5.347099999999998e-16
2000171 3.0084800670830534 -1.6572156199988934 -0.8455375744873755 0.0046280184839915 0.0066713323820491 0.0026086404025385 1.510988490929355e-16
2000172 1.8103210425220448 1.0229068567308182 0.8225591162472807 -0.0059244954595172 0.0089211417265226 0.0050638496799745 4.317715764492053e-17
2000173 1.8374730496992395 1.1767711740565174 -0.0090236972834745 -0.006233856990656 0.010752483695032 0.0029793080493819 3.912428547083101e-16
2000175 -3.824836688412957 0.7224654894848003 0.4465137625867189 -0.0014089393941084 -0.0067194135961593 -0.003308902341462 2.899097196211582e-16
2000176 2.4398996942854656 -1.3968641347659463 0.2821638252453904 0.0039906740313627 0.0099836731979584 0.0009044189067809 1.671347552009361e-16
2000177 -1.6556500357738269 -2.545622302565437 -1.18524514901945 0.0080585949310174 -0.0028822456023788 -0.0012837526835595 4.537288629425099e-17
2000181 1.2698491259896276 -3.4623633163698804 -0.7506953357444078 0.0072029087485933 0.003117591107963 -0.0009973564824723 1.679676683354825e-16
2000185 -3.0199956664407006 -0.2359605141617689 0.5243626540503357 0.0002743117661742 -0.009173379899572 -0.0004271986277524 1.135585894483922e-15
2000187 1.0205261165650445 -1.8066032486394985 -1.2693798653354846 0.0113172321086351 0.0024924693888401 0.0007151472982578 9.41936446359531e-16
2000191 -3.0964073790964917 0.1827903165114968 0.2653981410670854 -0.0011778716947611 -0.0090901992225694 -0.0019558969055908 1.725255523638289e-16
2000192 1.541280342353236 -1.0794611646825827 -0.5606756044994788 0.0064069572658588 0.0100384693314967 0.0060377333318507 2.511941265657833e-16
2000194 -2.8933064791859366 -0.5260354835952832 0.2727273518177724 0.0033683174881901 -0.008614348267907 -0.0012953036283143 2.723058728905982e-16
2000195 1.6833407017893771 1.9799110789484506 1.1308459203570091 -0.0085248727734049 0.0049161293154626 0.0030253946691424 8.354819850737808e-17
2000196 2.9674509755611944 -0.577592508507652 -0.6768698082502476 0.0026964014958861 0.0086263681063871 0.0037803959166576 4.501413656117928e-16
2000198 1.858704164506748 -0.3682995436127284 0.1741418981722752 0.0016931643190208 0.0124888345830279 0.0056429633091056 2.053857682908331e-17
2000200 -1.165030294576649 -2.4531547827444835 -1.4558643319573163 0.008612109716891 -0.0029971671727046 -0.0009748426587708 1.755461678252614e-16
2000201 -1.5207538788604409 -2.131583498812322 -0.6355892436317246 0.0095382276430565 -0.0039267185638601 -0.0016804025936487 1.014729689571656e-16
2000203 0.466031548109095 -2.498898459205607 -1.2418919755799729 0.009826216347775 0.0018531066270676 0.0010544931139238 1.849247208030054e-16
2000205 1.4437932176110138 2.1590045267430034 0.6974926687693315 -0.0088300589306332 0.0059316360520613 0.0006187549417912 9.151499922595894e-17
2000206 -0.1989377562694512 -2.6644940971568176 -0.9797719915411256 0.0099700213076939 -0.0005341603750001 -0.0005994779209778 1.178966984935731e-16
2000209 3.2040912739612586 0.1465162414913287 0.0812497895342129 7.1919223942e-06 0.0081843040180223 0.0048420248472935 2.593107309887293e-16
2000210 2.040841540659056 1.1526427387270837 0.4955363739307672 -0.0064331394801507 0.0085501951212929 0.0048820865852694 1.31453781488021e-16
2000211 -2.7112098257812565 1.0074106831490144 0.2289158939540206 -0.0050569176768347 -0.0081500467907553 -0.0038316102463881 3.04651155649041e-16
2000212 -1.7233165686142133 -2.6282702459482605 -1.4065961795266186 0.0076255490472862 -0.0040705962165295 -0.0015553970145638 3.867499657751679e-16
2000213 1.9756260324622876 -1.246492021621301 -0.6611361482034426 0.0074618147998362 0.0086706415104647 0.0023246118885573 9.522389187217239e-17
2000216 -0.6870793278965499 2.290633943130133 0.422208293817388 -0.0116072977637884 -0.0004837974556723 -0.0016844679950348 6.907971247467425e-16
2000221 -2.9905918839704975 -1.1776239985220787 0.0512016665450871 0.0038948463135251 -0.0079944912691501 -0.0025923750491863 1.816840620173303e-16
2000223 -2.0368778388458164 -2.320370836973213 -1.0127663410429992 0.0065944438052468 -0.0058959969150598 -0.002898172537806 1.390603968519846e-16
2000224 -1.3471587649958194 2.1023974659218876 1.1569852950812236 -0.0087720775379496 -0.0044146410515138 -0.0025990265392772 3.952059034345272e-17
2000225 -2.7508154707589605 -1.5225232908492616 -0.3815008088480023 0.006893933311947 -0.0072121430711422 0.0002965890607726 4.145657172535278e-16
2000227 0.2309985124535919 3.0954756772256378 1.8887227194524097 -0.0082815979107856 -3.40084839007e-05 -0.000878917289097 1.204845954546502e-16
2000230 2.1747713627601373 0.2996614115424989 0.43047451816996 -0.0023120339160579 0.011108887054601 0.0034015544373255 1.760898715515135e-16
2000233 1.8917146246884977 -1.4784583938576037 -0.2935598077209443 0.0067587397561813 0.0087199792407268 0.0034214824112113 1.971591966625455e-16
2000236 -2.327596202284031 2.031259359162864 0.5411816007102855 -0.0070387184355109 -0.0055336649526039 -0.0016641179372095 1.136329390113381e-16
2000238 2.5298375809951144 0.7858608449534306 0.1910676369212842 -0.0035955392352764 0.0102139839966029 0.0019422540585242 5.296669358073911e-16
2000240 1.1674995751388313 -2.400293154850615 -1.038626322001127 0.0079780385799218 0.0053130796934678 0.0019182093082607 1.104862252873265e-16
2000241 0.2936193991487381 2.7615536191095233 1.230036525186917 -0.0096491369269803 0.0021732604344219 -7.00628432112e-05 3.005483625946005e-16
2000247 1.2914396530588583 -1.7433698030902005 -1.9638873008970426 0.0074556708394455 0.0041324441527769 0.0046477445372567 2.709727072416213e-16
2000250 2.0331557899781405 -2.2287513318577625 -1.7960764267004452 0.0066363802539782 0.0048207452055581 0.002669550685706 1.968855018599242e-16
2000259 -2.9244431750729674 -0.2533105323074632 0.4979212220746972 0.0012885756637676 -0.0091499023990926 -0.0043507972518836 6.280858553936383e-16
2000266 -0.9967573236370041 -2.7444230387877493 -0.9803147073837215 0.0089316420051206 -0.0023908045456102 0.0011378234166676 1.841330187523782e-16
2000268 1.9742095304976142 -2.35129524884166 -1.036907827611572 0.0080538349108638 0.0044486431496731 0.0014961253657194 5.266901109254348e-16
2000275 2.253891871823544 -1.9488436920104235 -0.8576038902526201 0.0069849638857546 0.0057043649200132 0.0016451940436867 1.8654e-16
2000276 -1.3531739625133228 2.5725951227583495 -0.051596376450944 -0.0090288310460252 -0.0047435124699722 -0.0021497539099585 2.248155048843683e-16
2000283 0.1250119266513011 -2.62174479999545 -1.3725683766024053 0.0099001957420575 0.0011055029412554 0.0018862262639311 2.052810177986958e-16
2000287 0.0602201333952315 -2.213010896749844 -0.6190337120168835 0.0114083511041323 0.0005754343571325 -0.0011082083858569 4.80337378560961e-17
2000303 -2.9583019894072256 -1.210335307153545 -0.8129387949295449 0.0038558071816723 -0.0072963506431514 -0.004073241074823 2.884868403951011e-16
2000304 -0.9531676291176842 -2.038494271721044 -0.2135134113501946 0.0114343007046781 -0.0023955124580586 -0.0014966953933582 6.883271096605401e-17
2000308 -2.6818179179172486 -0.6464530662549853 -0.2300960038859805 0.0029496591263381 -0.0093312158782729 -0.0032204130793767 7.240547885258139e-16
2000313 0.6758399690151601 -2.5906986256732294 -0.5499608034126695 0.0094836992579907 0.0014005407791717 0.0001765981090327 1.158459133740796e-16
2000322 -3.4276489326659996 0.0779322673948011 -0.4647380688711932 -3.79495686235e-05 -0.007504461727329 -0.0028838188970775 8.276349521304358e-17
2000324 -1.1279430257277385 2.0049827623121175 1.157350699834386 -0.0108065282261895 -0.0004089661872056 -0.0015894005983934 1.388626589856199e-15
2000326 -2.183499399787554 0.2463869315754496 0.9013345569382112 -0.0016579670548927 -0.0081065139745387 -0.0072809200020647 1.891524746656209e-16
2000328 -2.1274525086789713 -1.9146418390848927 -1.67536470132146 0.0064868801947207 -0.0051180309303702 -0.003891237971513 2.9127e-16
2000329 2.342941513042333 0.945084357383555 0.1083666878221326 -0.0038984031169848 0.0098780699300548 0.0013404564334009 5.114309394296057e-17
2000334 -3.0468249124642974 2.294543965288428 1.0567334167392128 -0.0053404368746137 -0.0063910106195775 -0.0020287857250454 3.262493379434562e-16
2000335 -2.0733618813121377 1.787057408079914 0.7206740079756713 -0.0057245383645204 -0.0072024336470338 -0.0022104327392139 1.475676925888911e-16
2000336 -1.2604282685162105 1.971466902793558 0.6162850417202771 -0.0086936193368418 -0.0054726599404009 -0.0027630361219484 5.643e-17
2000337 -1.9583673824230416 0.8423185268280288 0.4867943601541421 -0.0065408292163638 -0.0086670077769072 -0.0053456731019488 3.451507451186596e-17
2000338 -2.718270283568009 1.1067842374029326 0.2183700708316058 -0.0038668590415639 -0.0081394981733635 -0.0042721619932895 5.14076834286322e-17
2000344 0.1721031531977642 2.7280889020012404 1.9265496025879618 -0.007589886833168 0.0001020683417116 0.0023309675753883 5.368909704258335e-16
2000345 -0.5230956078582283 -2.313476041272376 -0.6785956932711548 0.0103139308013552 -0.0024919049511452 0.0003019826709517 1.231752116988413e-16
2000346 1.834273822593093 1.683576494371051 0.4125903804753275 -0.0073504573153566 0.0074323459835366 0.0044062439033773 2.209916607717656e-16
2000347 2.796451838759607 1.039774277391124 -0.1617502273304858 -0.0033729893861044 0.0074906685705337 0.0041555640683114 2.194912217781737e-17
2000349 -2.602619669507822 1.308074567843971 1.0003145452507274 -0.0056300546982326 -0.0068453101226174 -0.0035168446786867 7.007873927130292e-16
2000350 1.9694156724815968 1.7931118742705183 -0.2199533995742512 -0.006552546389432 0.0066954059027389 0.0062092628280945 1.410007840576309e-16
2000354 0.1637439050016848 2.5850105662676346 0.3787220073579552 -0.0107411349409706 -0.0006780681229042 0.0021278996915376 1.585098657159689e-15
2000356 0.4988086932756436 -2.800663335278519 -1.715307169912293 0.0080907392744767 0.001913891619855 0.0013063912381702 2.681613196135182e-16
2000357 2.4610251770214258 -1.6120922013774872 -0.7958476255576376 0.0050676586199185 0.0085835166401544 0.0009336320503827 1.761956026100257e-16
2000358 1.1095906989620214 2.0432769361045207 0.7304295233605261 -0.010562921326197 0.0049792665950988 0.0018993403805437 1.217809799583179e-16
2000360 -2.4351953147708127 -2.5055684544004366 -0.3121278943432296 0.00555213633331 -0.0057734999556777 -0.0024704753811211 3.367760574353007e-16
2000362 1.5033245443379013 -1.7948822764816659 -1.1747781150206469 0.0083550484917295 0.0057896723897261 0.0027993799642548 8.087079288103283e-17
2000363 2.2400093941510426 1.2145871047185546 0.3574281611170649 -0.0050361256294656 0.0086332314986624 0.0047350160978106 6.984194530211866e-17
2000365 -1.2461918128237608 2.289616743273399 0.4072018582678727 -0.0102503172172628 -0.0035845901166196 -0.0008861616194909 7.7695552096218e-17
2000366 2.186585510763216 1.801586494744512 1.3142729320347475 -0.0065726694074639 0.0061590390712386 0.003780203025601 1.156395471364583e-16
2000369 1.5806116156412064 -1.5992193133804986 -1.0474835150827297 0.0077787082576362 0.0080201247875098 0.0014273287971819 5.734581566336858e-17
2000372 -3.004271298679493 0.2003804936553532 -0.7374595483317024 -0.0013715515971318 -0.0068183926994163 -0.0069717049664559 1.7459557262705e-15
2000373 -0.475019098439744 -2.367653125867324 -1.8922452814266275 0.0099036389437584 -3.07424499317e-05 -0.0002420352238369 1.372061759613779e-16
2000375 -2.27559328052713 -1.52122768493789 -1.5113692614976126 0.0072962874072275 -0.0055180361656512 -0.0033091456880798 4.558599248806925e-16
2000377 -2.67811784450401 0.7380975056099863 0.0706211294011075 -0.0033251148211359 -0.0090733121468528 -0.0030919666066214 1.414422892089808e-16
2000381 1.9052985487752718 2.8504090286115913 0.466553097505422 -0.0069913038162863 0.0048048430924773 0.0027065778211085 3.593493480761761e-16
2000385 -2.3171775204375185 0.8563677126191283 0.459505349730088 -0.0040616087706673 -0.0084739768778014 -0.0065876086433383 1.103185182296828e-16
2000386 -0.8227375025332695 -3.0711802479734724 -0.1345600523682199 0.0090640168723683 -0.001077481738868 -0.0007933353314443 1.507933371196519e-15
2000387 2.295490924173681 1.4641101270617554 -0.2798759998889457 -0.0028722281124644 0.0096065942360413 0.0027806627318171 1.004465983963094e-16
2000388 -2.647045511158879 1.574568345483445 0.8694608586405501 -0.0052341952874126 -0.0066335287009402 -0.0038748966730112 3.433344412859169e-16
2000389 2.5625098995745645 0.7625758852869899 0.7531242953981829 -0.0037564139182497 0.00857726084574 0.0034538315179466 6.225101838738033e-17
2000393 1.073741930428446 -1.514707699630549 -0.1370018133397077 0.011830281880127 0.0078361135599325 0.0031701855149494 1.5586e-16
2000404 0.2934924697299749 2.6420928526344896 1.0300666832248384 -0.0093589200568042 -0.0015132155904945 0.0019122244132918 1.452167895484219e-16
2000405 -1.9423289220519453 0.5964038863995584 -0.201804748093108 -0.0015265865063796 -0.0122219199307702 -0.0048664214954937 5.576480476808539e-16
2000407 2.3209177678298873 0.507785682683889 0.5652043620142438 -0.0032783652403709 0.0099192138574288 0.004524150972687 1.567850414047483e-16
2000409 2.602434269896123 -0.4000718488624221 0.3493869851937726 0.001711130695243 0.0096404095040463 0.0034709252396646 8.214499999999999e-16
2000410 -2.015221180676986 -1.1237553964888247 -0.0380439511415859 0.0073814640122585 -0.0083195133328429 -0.0049100160605431 3.618654697029734e-16
2000412 2.459062258640056 1.495425868767558 -0.0827721006312879 -0.0047045304863308 0.0078027913602452 0.0039284734282841 1.465573497563191e-16
2000415 -1.5102639251714773 -3.187871275628348 -0.8862314182434113 0.0068211983333762 -0.0027263906834954 -0.0017415993944546 5.400121408743423e-17
2000416 2.826936547812239 0.900866673719321 -0.1033420381144012 -0.0003426836096317 0.0083007677675235 0.0049313794043777 1.486985629344961e-16
2000419 0.9740153280507755 2.8059196640996085 1.1236913181346373 -0.0077229672160845 0.0034652598686164 0.0008925041923884 3.6782e-16
2000420 -1.4661682228223556 2.834363879691739 0.8888780923379803 -0.0085399404354826 -0.0037017883346094 -0.0023208301611111 4.8352e-16
2000423 1.9462601997559097 -1.8167151270911268 -1.3505798024801534 0.0075815519816592 0.0064191416751174 0.0017480969395434 2.112438360599952e-15
2000424 -1.0249331846154122 -2.7378773320893135 -0.9553264738731627 0.0086275728717899 -0.0024573274285599 -0.0023262193490977 7.379985344375229e-17
2000426 -0.8332237851449686 -2.002507256105208 -1.7551370515887188 0.0092917482067115 -0.0048036831110072 -0.000574909726993 2.297975812797145e-16
2000431 2.631768109658341 0.5134914954116601 0.1328850815850602 -0.001196537357755 0.0102981930879754 0.0043243167068306 6.340778349521697e-17
2000432 -1.6902918517499106 1.5836361713793274 1.09184362747825 -0.0065473754522525 -0.0077373964768476 -0.0018622499970329 1.878012295898928e-17
2000433 -0.1175504190039509 1.010259005864606 0.5525049151490982 -0.0170377228399354 -0.0015499846456818 -0.0039582285516468 9.900001189795902e-19
2000442 1.0262757045728073 -1.914075397465753 -0.7461798497627625 0.0105483800857438 0.0044457207943922 0.0007048749128586 5.553465628746912e-17
2000444 -3.212652712249804 -0.2639266759189945 -0.2234185446367881 0.0013144841033048 -0.0084097086763795 -0.0019594779078475 9.070804844114505e-16
2000445 2.412192871345655 -0.8944455164896655 0.4614066413300523 0.0013577300663345 0.0095052707952032 0.0064555318909099 1.153421084931585e-16
2000449 -0.8368816792312964 1.7747511730528884 0.826663705743741 -0.0114134752328867 -0.0053730929309501 -0.001684213732137 1.355817130673488e-16
2000451 -2.7044067992212484 0.7987991758177464 1.1539631956431906 -0.0043825502988995 -0.0085123985723156 -0.0024238712595182 2.295559390637462e-15
2000454 -1.932708900506356 1.3298847684790887 0.8593308890127843 -0.0061573789976391 -0.0083137934199236 -0.0041518082281413 7.680884774699999e-17
2000455 0.246925688204441 2.2414188626358507 1.0539985794199163 -0.0101686602108256 0.002930061164153 0.0037939759960904 2.28615933395781e-16
2000464 -2.990039031700325 1.0212271084511475 0.9586175819925474 -0.0041027959771553 -0.007249351545312 -0.0020468628630972 8.063518429005578e-17
2000465 2.975418557195331 1.9159747970599508 1.157679126924636 -0.0045223478754519 0.0060247853863517 0.002562300563145 6.539925772440235e-17
2000466 -2.7165366332290484 1.4085513448794098 -0.1843770083306001 -0.0032535643374836 -0.0077862016120134 -0.0057948308262831 2.707141673652781e-16
2000469 -1.1855858755869493 2.291594082796304 1.4075234736645421 -0.0087961329659275 -0.0041316947460117 -0.0037251596962332 3.2284e-16
2000471 -1.2936410552786628 -3.009996875679854 -1.0289027107707076 0.0078099350132004 -0.0011013662828516 -0.0028139132171957 8.459430728959683e-16
2000476 1.6206108362043523 1.839083326949248 1.2539627958532045 -0.0076248155453747 0.0065089612072655 0.0016756211973405 2.419316056464066e-16
2000481 2.2045728009921457 0.8730120378821511 0.056924644749072 -0.0048691833602142 0.009260196521281 0.0056637182796204 3.340700529704519e-16
2000485 2.027768291921568 1.3912735113891035 0.3586245533514778 -0.0080433300569962 0.0080548966730621 0.0009558133617869 3.673796079923418e-17
2000488 -2.1326760355558654 1.2298501241901962 1.0390836225530684 -0.006195746451906 -0.0090561079481503 -0.0027674836799357 1.915156279885078e-16
2000489 -0.4003926308137311 -3.055304532631608 -0.5612589564236244 0.0095925956276799 -0.0015748483947763 -0.0008028135435786 5.484672429113171e-16
2000490 -3.3109773790519545 -1.0034299713892016 -0.237186145612023 0.0026890099376927 -0.008115841546905 -0.0020611218582071 3.641497397783291e-16
2000491 -2.7050292642110585 1.712574307870278 0.2090184818942189 -0.0058267251965955 -0.0075849091043648 -0.0004633737261004 1.485897083825289e-16
2000498 2.054686847061167 0.4889136753923986 -0.1684274560817891 -0.0011117943851619 0.0118727813731541 0.0050531743819545 1.298792923917022e-16
2000503 2.398446590474012 1.0163054298112146 0.2624682076765226 -0.0058989364660948 0.0080022059546172 0.0043067886959702 1.118718331450076e-16
2000505 -2.174947719875905 0.8724871599589907 0.786210201117324 -0.007234629033058 -0.0084635469534258 -0.0022770540277274 3.417698501747239e-16
2000506 0.5797887905382897 2.01114221574028 1.5745148927032604 -0.0109054620983784 0.0030115547900675 -0.0008003718583672 1.973531391104841e-16
2000508 1.6315679798436273 2.4301647542147573 1.2657126199467286 -0.0080938109625707 0.0034515362839778 0.0038227374011947 3.410676979753487e-16
2000511 2.54023017711848 1.188737027151457 -0.3286222689377962 -0.0052250039653801 0.0083836416946976 0.0043001024284833 5.198126979457498e-15
2000514 -2.028549125752061 -2.1533622456298334 -1.0790327738982406 0.0074022064473929 -0.0056973448969563 -0.0019122433002625 2.937652079531482e-16
2000516 0.8481083235127265 2.547068061989079 1.8757836158027168 -0.0082902285046529 0.0012437908381336 -0.0003197390984741 6.96e-17
2000517 -1.3566522767808562 -3.1328265892514437 -1.4554794572108942 0.0076811361085168 -0.0025644369118959 -0.0006531798881816 1.08862665088002e-16
2000521 -3.091561329771632 -1.4264568201660346 0.0103572291319028 0.0019305319123126 -0.0070743579257834 -0.0034705260466505 1.812449396445861e-16
2000532 -1.4723112337810782 1.6837310713106641 0.9915202507499727 -0.0077559551914648 -0.0086409365976044 -0.000601969643784 9.31594859406562e-16
2000535 -2.428619281621571 0.4004362008090105 0.4935464504314589 -0.0025335444579437 -0.0098740567111279 -0.0040793878362063 7.253861643466114e-17
2000536 0.6367017924264702 2.9240427390826675 1.7195146897934013 -0.0085902318856093 0.0007159497794698 0.0035544759051315 1.097563103282251e-15
2000545 1.6365560486176827 2.3648682923881355 1.7352874154398592 -0.007124144638548 0.0051072895384195 0.0026403297052457 1.948498611557125e-16
2000547 -0.1111778273181088 -2.958026381842091 -0.3703514823946176 0.0093912083855172 0.0016996019250561 0.0008318451922685 2.812357745865768e-17
2000554 -2.4372248782180996 0.2879186587284722 0.0082452427031846 -0.0027566851439472 -0.0094275735679985 -0.0044766561392882 2.74856688034015e-16
2000566 2.5482072133645732 -1.5215294515643036 -0.9234198827139393 0.0049757925796202 0.0082104377589238 0.0032523270889411 6.2674e-16
2000568 1.8202512986358557 1.2779724204817953 0.9776296171104127 -0.0075606936974356 0.0091470874613838 0.0003268895401609 8.597802188183131e-17
2000569 1.5628708487024092 1.4657477285521243 0.689047696765983 -0.009654346211964 0.0070478871900319 0.0029524135927805 6.112321972668314e-17
2000584 0.5229736956024992 1.7505105267649999 0.9498983052658991 -0.0112610716442296 0.0059693972822123 0.0005601109145383 2.176059561415946e-17
2000585 0.9833835884585479 2.0614898332902944 0.5868454662201742 -0.0108443436274891 0.003284518663628 0.0009264135145024 1.17169915406794e-17
2000591 1.6902992567124138 1.9594028980738984 1.5516065106759571 -0.0083744757094694 0.0036323255123623 0.0015568159541996 2.003839350952163e-17
2000593 1.6405792224701377 -2.2247100032302773 -1.7104818582511254 0.0066143632963727 0.0053192897066458 0.0005925009371752 5.018899345207492e-17
2000595 -0.1533406957908097 2.5825708151170548 2.1783253680229233 -0.0090277709613546 -0.0008124295957975 0.0007918054913556 2.221113361582845e-16
2000596 2.970384894844795 1.1665683713773582 -0.1993307175410392 -0.0014135410555642 0.0077962028742873 0.0046113455187171 3.835089170878002e-16
2000598 1.982941767837374 0.5853642255308452 -0.217278127680625 -0.0033280526580338 0.011564173957052 0.0057184051876576 6.153064154075524e-17
2000599 0.8074866322929719 2.0961782461625718 1.2969435920278345 -0.0088361048187606 0.0041010290405942 0.0051568428696446 6.91187747327401e-17
2000602 0.5661446893903209 1.9579009894377084 1.5523611299040692 -0.0105674706765106 0.0045214220399633 0.0017258996514217 2.150146743361225e-16
2000604 -3.5083163021538897 -1.0733020123201156 -0.500533551444889 0.0018762395136464 -0.0069699651754065 -0.0037031485984578 6.426039953318643e-17
2000618 -0.1448453550301338 -2.9818631225519545 -0.8804692170711569 0.0094927272052812 0.0009648632884418 -0.0025326330736019 4.63868801607939e-16
2000623 -1.65163584137562 1.5123432014299505 0.5752125460214483 -0.0086024616390884 -0.0055900452795843 -0.005520571932995 1.449797679769329e-17
2000626 -2.9875267957959197 0.5385952456268892 -0.0130563283814617 -0.0024768872277606 -0.0055315294483139 -0.006573905738508 1.664377872588215e-16
2000635 0.4028006253041002 -3.197788174409913 -0.7019590406500316 0.0090818689343164 0.0016108394818142 0.0004456361151194 1.699566952633139e-16
2000654 1.3008816739480116 1.262680303317644 1.089960309533134 -0.0103525640165293 0.0065995795198377 -0.0004852227058812 3.5953e-16
2000663 -0.7114311527962526 2.79453052415439 0.4338524670337387 -0.0092508698522759 -0.0033468244824132 -0.0031225917736452 1.204954948857818e-16
2000667 -0.4511599007298552 2.535090849964921 0.1093639542776763 -0.0112821843351552 -0.0021356346895637 0.0022029360746201 9.09429441579076e-17
2000674 1.7559228481268028 1.7109004015632865 0.6012685587936123 -0.0090245953863273 0.0050534831402695 0.0051206513335004 1.438374800446789e-16
2000675 2.044378049335801 -1.744750185774089 -0.3345741140583152 0.0049426791284811 0.0082867282531668 0.0043038661236584 1.592347088449227e-16
2000680 -0.8521444155903608 3.062855798245362 2.5425380988196125 -0.0068793124603767 -0.0019929591665263 0.0001091772772004 9.958162010025519e-17
2000683 -0.164823414867604 -2.8807543733218335 -1.1061045461065584 0.0092748898137349 -0.0020883211570092 0.0024886571875939 1.043610361250656e-16
2000690 -3.1468065411715767 -1.4548728829050042 -1.1713420579853355 0.0044536322670733 -0.0067382045448509 -0.0015672759441419 4.763753531654247e-16
2000691 2.281913517622837 1.3330624110921139 0.0144124636085537 -0.0051484795055887 0.008557176957335 0.005093574599191 9.453705225820102e-17
2000694 1.2788233670444653 1.640659021443037 0.6625764041438658 -0.0075450128171318 0.0101453598429143 0.0006941161052681 1.493866803013356e-16
2000696 -3.4039112181491045 0.7731619845178339 -0.3411138784008868 -0.0031019925475099 -0.0066953659346188 -0.0045738610547051 1.117773442397485e-16
2000702 2.1679141336002203 -2.237749120746533 -0.4427315973562234 0.0063626146094986 0.0049357059238673 0.0055246612644327 8.895067284927045e-16
2000704 -1.1287137884532987 2.662048017456808 0.9478741461105532 -0.0091750309140555 -0.0008699427705954 -0.0035782240678684 5.256168678493662e-15
2000705 -0.0694348593660146 -2.032623054445185 -2.2892865902214106 0.009586275912347 -8.87226303299e-05 -0.0004011811292176 2.91750035064825e-16
2000709 2.4168708811896704 0.5552781662369924 0.9136847275098067 -0.0034571478051989 0.0087487968075824 0.0058269007480592 1.545600853865991e-16
2000712 -1.9663070417902873 1.5367006675921333 0.0658445699819945 -0.0080356338073429 -0.0068249714187778 -0.0033146031059975 5.020424221292565e-16
2000713 -1.2142522214657723 -3.0934022910932577 -0.9792926492090079 0.0089190280835403 -0.002044622335129 0.0004640034944302 1.426815784833301e-16
2000735 -3.0726640518541024 -1.3963929273184699 -0.2462033837800299 0.0045684659131803 -0.0048706857399269 -0.0046731631007562 8.597620263717324e-17
2000739 1.7278584156270902 -2.2223362385761 -0.7538721671339637 0.0081643041503899 0.0051520256490595 -0.0013268835275472 7.138243397529348e-17
2000740 0.0086703814338855 2.777562167940755 0.9346021602790723 -0.0100501082457442 -0.0015167566714411 0.0013073074062602 1.189281443931769e-16
2000747 -1.144427876511853 -3.64428594237629 -0.464942241376156 0.0071793699831626 -0.0004384544836035 -0.0019134644304603 6.215746066236688e-16
2000751 -2.7638590507208605 -0.901546635275499 0.3953612225531112 0.0016855811179 -0.0079264074266053 -0.0044727416484181 1.79893748114765e-16
2000752 2.147562072344491 -1.2381163991345976 -0.7944174886304192 0.0053356048766655 0.0083166210050261 0.0030863058571677 4.998204812589248e-17
2000760 0.8225357832590128 -2.6472816686803373 -1.7156497767378005 0.0093048883689487 -0.0003625173051259 0.0009237032518962 5.816792100573278e-17
2000762 0.948477897617016 -2.913820805824758 -1.5526787473559716 0.0084805171662409 0.0008915768704652 0.0023971795012858 2.081801283090566e-16
2000769 -3.275465582793182 0.9069503159912711 0.8078035604845747 -0.0016340559029693 -0.0075364018728694 -0.0040655414667461 1.972515398569376e-16
2000772 -2.4697558193027582 -0.4318364279060072 1.1617202861992335 -0.0007807438268707 -0.0087700196237689 -0.0061625185732695 2.520614492533895e-16
2000773 2.5270111417059717 -0.925551937977509 -0.1298139871477036 0.0037679715296499 0.0076671896036139 0.0065669996972234 1.957616090642333e-16
2000776 -0.0938569791929149 2.369545338304101 1.231185763922335 -0.0103906728788143 -0.0005055253277758 0.0035123516923199 3.056711944663653e-16
2000778 0.3516863124532454 -3.317288168522862 -2.190652806974377 0.0073363096568362 -0.0001308642929486 0.001237989553499 4.774354773879983e-17
2000780 -2.9112899660307403 1.5160163186885194 0.7666746210990636 -0.0045861298698732 -0.00771105101244 -0.0001474384947479 1.485740534765631e-16
2000784 -0.4293666303474516 -1.8974797572962854 -1.3155800508710749 0.0122227690648582 -0.0017115885747082 -0.0020355066507256 1.630823096659809e-16
2000786 2.659914394810334 2.5274662024992187 0.347867675542095 -0.0052687756531356 0.0050946911497631 0.003702889274792 1.583019880469992e-16
2000788 -2.7542829140226397 -0.3723342427646777 -0.0335693179087671 0.0022703819715292 -0.0104950537405507 -0.0017047654550585 2.158155681763601e-16
2000790 -2.9079716864954617 2.432877753747922 -0.3385978540673823 -0.0039316524643115 -0.0064498589673097 -0.0034073430800585 1.7558991833247e-15
2000791 -0.8649480319108915 -2.7461845006781513 -0.4263725009438039 0.0100950311313813 -0.0007886596974254 -0.0024735067898258 1.219648751741075e-16
2000804 0.1187434180060607 2.309471381289437 1.844981553530793 -0.0096246007469396 0.0016712962338646 0.0006268480369648 2.267103341459905e-16
2000814 -3.6980962488540343 -1.3807505770998074 1.007099469658604 0.0007356899625093 -0.0063953120892353 -0.0031596785850225 4.555959566377237e-16
2000849 -2.909332801302321 2.081125544850086 -0.3891506812821902 -0.003467537586686 -0.0073115077459645 -0.0022219005028357 1.035497250152759e-16
2000895 -1.508832392175772 2.4017661139866022 0.1284521912693664 -0.0083025455385072 -0.0037455521174025 -0.0057511709434325 3.786475033089484e-16
2000909 -2.505964286819096 2.52742355949422 0.7970526728476591 -0.0067492756504696 -0.0057456569401475 0.0004662333005863 3.362975492761039e-16
2000914 -1.685971393282959 -1.1069516357909177 -1.1339483335006408 0.0079765224366495 -0.008380042385114 0.0012406757836363 4.117268268399542e-17
2000980 -2.8530706763568934 1.538967821035227 -0.0683535962869323 -0.0040647585463905 -0.0061383882522075 -0.0045044700243743 1.53529788855662e-16
2001015 2.3381513388061634 -1.9037526425383655 -0.9968135122677888 0.0057704571328106 0.0076057912496419 0.0016955731178011 1.258376592645005e-16
2001021 -2.2639893650608096 1.1814671046717167 0.951140807422783 -0.0074682933694988 -0.0072964836643632 -0.0001734409774054 7.617140987284265e-17
2001036 -3.455584797225901 -0.6972319241955661 -0.949766868739025 0.0040238751232035 -0.0058207697832296 0.0009676913651702 6.467767213237461e-17
2001093 -3.2292271969706516 -0.6634329289191242 1.0218880426196506 0.0018107128462292 -0.0062884716517635 -0.0058376678563765 2.871640482670196e-16
2001107 -0.6995683139853536 2.491847346541263 1.038898260842274 -0.0105095601460644 -0.0029663858383868 0.0001701279891282 9.549128215887647e-17
2001171 -0.3725239975115175 -3.394550968597742 -1.3411287773656158 0.0082530496949748 0.0002717313033847 -0.000298899413193 6.248568708463761e-17
2001467 0.5987109844351841 -2.2821730781939253 -1.8804090373835054 0.0098239007056877 0.0007068265862874 0.0034262703325164 1.115280133034817e-16
